[33mWARN: gym.spaces.Box autodetected dtype as <class 'numpy.float32'>. Please provide explicit dtype.[0m
1.0 0 -200.0
1.0 1 -200.0
1.0 2 -200.0
1.0 3 -200.0
1.0 4 -200.0
1.0 5 -200.0
1.0 6 -200.0
1.0 7 -200.0
1.0 8 -200.0
1.0 9 -200.0
1.0 -200.0
1.5 0 -200.0
1.5 1 -200.0
1.5 2 -200.0
1.5 3 -200.0
1.5 4 -200.0
1.5 5 -200.0
1.5 6 -200.0
1.5 7 -200.0
1.5 8 -200.0
1.5 9 -200.0
1.5 -200.0
2.0 0 -193.15
2.0 1 -200.0
2.0 2 -200.0
2.0 3 -200.0
2.0 4 -200.0
2.0 5 -197.45
2.0 6 -195.5
2.0 7 -200.0
2.0 8 -187.05
2.0 9 -200.0
2.0 -197.315
2.5 0 -200.0
2.5 1 -199.85
2.5 2 -177.6
2.5 3 -181.65
2.5 4 -190.6
2.5 5 -153.25
2.5 6 -179.6
2.5 7 -160.05
2.5 8 -156.45
2.5 9 -178.15
2.5 -177.72
2.7 0 -200.0
2.7 1 -200.0
2.7 2 -178.65
2.7 3 -195.15
2.7 4 -183.8
2.7 5 -162.0
2.7 6 -191.85
2.7 7 -200.0
2.7 8 -179.35
2.7 9 -194.4
2.7 -188.51999999999998
