[33mWARN: gym.spaces.Box autodetected dtype as <class 'numpy.float32'>. Please provide explicit dtype.[0m
0.8 0 -200.0
0.8 1 -200.0
0.8 2 -200.0
0.8 3 -200.0
0.8 4 -200.0
0.8 5 -200.0
0.8 6 -200.0
0.8 7 -200.0
0.8 8 -200.0
0.8 9 -200.0
0.8 -200.0
0.9 0 -200.0
0.9 1 -200.0
0.9 2 -199.1
0.9 3 -200.0
0.9 4 -200.0
0.9 5 -200.0
0.9 6 -200.0
0.9 7 -200.0
0.9 8 -200.0
0.9 9 -200.0
0.9 -199.91
0.97 0 -200.0
0.97 1 -188.9
0.97 2 -200.0
0.97 3 -200.0
0.97 4 -200.0
0.97 5 -200.0
0.97 6 -200.0
0.97 7 -200.0
0.97 8 -200.0
0.97 9 -198.7
0.97 -198.76000000000002
0.99 0 -200.0
0.99 1 -170.1
0.99 2 -165.35
0.99 3 -200.0
0.99 4 -200.0
0.99 5 -200.0
0.99 6 -186.0
0.99 7 -162.85
0.99 8 -147.1
0.99 9 -156.9
0.99 -178.82999999999998
1 0 -105.7
1 1 -145.6
1 2 -148.5
1 3 -108.2
1 4 -140.2
1 5 -142.85
1 6 -106.05
1 7 -140.15
1 8 -142.7
1 9 -131.6
1 -131.155
