[33mWARN: gym.spaces.Box autodetected dtype as <class 'numpy.float32'>. Please provide explicit dtype.[0m
0 199 -1.0
1000 199 -1.0
2000 199 -1.0
3000 199 -1.0
4000 199 -1.0
5000 199 -1.0
6000 199 -1.0
7000 199 -1.0
8000 199 -1.0
9000 199 -1.0
10000 199 -1.0
11000 199 -1.0
12000 199 -1.0
13000 199 -1.0
14000 199 -1.0
15000 199 -1.0
16000 199 -1.0
17000 199 -1.0
18000 199 -1.0
19000 199 -1.0
5 0 -200.0
0 199 -1.0
1000 199 -1.0
2000 199 -1.0
3000 199 -1.0
4000 199 -1.0
5000 199 -1.0
6000 199 -1.0
7000 199 -1.0
8000 199 -1.0
9000 199 -1.0
10000 199 -1.0
11000 199 -1.0
12000 199 -1.0
13000 199 -1.0
14000 199 -1.0
15000 199 -1.0
16000 199 -1.0
17000 199 -1.0
18000 199 -1.0
19000 199 -1.0
5 1 -200.0
0 199 -1.0
1000 199 -1.0
2000 199 -1.0
3000 199 -1.0
4000 199 -1.0
5000 199 -1.0
6000 199 -1.0
7000 199 -1.0
8000 199 -1.0
9000 199 -1.0
10000 199 -1.0
11000 199 -1.0
12000 199 -1.0
13000 199 -1.0
14000 199 -1.0
15000 199 -1.0
16000 199 -1.0
17000 199 -1.0
18000 199 -1.0
19000 199 -1.0
5 2 -190.65
0 199 -1.0
1000 199 -1.0
2000 199 -1.0
3000 199 -1.0
4000 199 -1.0
5000 199 -1.0
6000 199 -1.0
7000 199 -1.0
8000 199 -1.0
9000 199 -1.0
10000 199 -1.0
11000 199 -1.0
12000 199 -1.0
13000 199 -1.0
14000 199 -1.0
15000 199 -1.0
16000 199 -1.0
17000 199 -1.0
18000 199 -1.0
19000 199 -1.0
5 3 -200.0
0 199 -1.0
1000 199 -1.0
2000 199 -1.0
3000 199 -1.0
4000 199 -1.0
5000 199 -1.0
6000 199 -1.0
7000 199 -1.0
8000 199 -1.0
9000 199 -1.0
10000 199 -1.0
11000 199 -1.0
12000 199 -1.0
13000 199 -1.0
14000 199 -1.0
15000 199 -1.0
16000 199 -1.0
17000 199 -1.0
18000 199 -1.0
19000 199 -1.0
5 4 -188.25
0 199 -1.0
1000 199 -1.0
2000 199 -1.0
3000 199 -1.0
4000 199 -1.0
5000 199 -1.0
6000 199 -1.0
7000 199 -1.0
8000 199 -1.0
9000 199 -1.0
10000 199 -1.0
11000 199 -1.0
12000 199 -1.0
13000 199 -1.0
14000 199 -1.0
15000 199 -1.0
16000 199 -1.0
17000 199 -1.0
18000 199 -1.0
19000 199 -1.0
5 5 -200.0
0 199 -1.0
1000 199 -1.0
2000 199 -1.0
3000 199 -1.0
4000 199 -1.0
5000 199 -1.0
6000 199 -1.0
7000 199 -1.0
8000 199 -1.0
9000 199 -1.0
10000 199 -1.0
11000 199 -1.0
12000 199 -1.0
13000 199 -1.0
14000 199 -1.0
15000 199 -1.0
16000 199 -1.0
17000 199 -1.0
18000 199 -1.0
19000 199 -1.0
5 6 -200.0
0 199 -1.0
1000 199 -1.0
2000 199 -1.0
3000 199 -1.0
4000 199 -1.0
5000 199 -1.0
6000 199 -1.0
7000 199 -1.0
8000 199 -1.0
9000 199 -1.0
10000 199 -1.0
11000 199 -1.0
12000 199 -1.0
13000 199 -1.0
14000 199 -1.0
15000 199 -1.0
16000 199 -1.0
17000 199 -1.0
18000 199 -1.0
19000 199 -1.0
5 7 -176.15
0 199 -1.0
1000 199 -1.0
2000 199 -1.0
3000 199 -1.0
4000 199 -1.0
5000 199 -1.0
6000 199 -1.0
7000 199 -1.0
8000 199 -1.0
9000 199 -1.0
10000 199 -1.0
11000 199 -1.0
12000 199 -1.0
13000 199 -1.0
14000 199 -1.0
15000 199 -1.0
16000 199 -1.0
17000 199 -1.0
18000 199 -1.0
19000 199 -1.0
5 8 -200.0
0 199 -1.0
1000 199 -1.0
2000 199 -1.0
3000 199 -1.0
4000 199 -1.0
5000 199 -1.0
6000 199 -1.0
7000 199 -1.0
8000 199 -1.0
9000 199 -1.0
10000 199 -1.0
11000 199 -1.0
12000 199 -1.0
13000 199 -1.0
14000 199 -1.0
15000 199 -1.0
16000 199 -1.0
17000 199 -1.0
18000 199 -1.0
19000 199 -1.0
5 9 -200.0
5 -195.50500000000002
0 199 -1.0
1000 199 -1.0
2000 199 -1.0
3000 199 -1.0
4000 199 -1.0
5000 199 -1.0
6000 199 -1.0
7000 199 -1.0
8000 199 -1.0
9000 199 -1.0
10000 199 -1.0
11000 199 -1.0
12000 199 -1.0
13000 199 -1.0
14000 199 -1.0
15000 199 -1.0
16000 199 -1.0
17000 199 -1.0
18000 199 -1.0
19000 199 -1.0
10 0 -200.0
0 199 -1.0
1000 199 -1.0
2000 199 -1.0
3000 199 -1.0
4000 199 -1.0
5000 199 -1.0
6000 199 -1.0
7000 199 -1.0
8000 199 -1.0
9000 199 -1.0
10000 199 -1.0
11000 199 -1.0
12000 199 -1.0
13000 199 -1.0
14000 199 -1.0
15000 199 -1.0
16000 199 -1.0
17000 199 -1.0
18000 199 -1.0
19000 199 -1.0
10 1 -196.95
0 199 -1.0
1000 199 -1.0
2000 199 -1.0
3000 199 -1.0
4000 199 -1.0
5000 199 -1.0
6000 199 -1.0
7000 199 -1.0
8000 199 -1.0
9000 199 -1.0
10000 199 -1.0
11000 199 -1.0
12000 199 -1.0
13000 199 -1.0
14000 199 -1.0
15000 199 -1.0
16000 199 -1.0
17000 199 -1.0
18000 199 -1.0
19000 199 -1.0
10 2 -200.0
0 199 -1.0
1000 199 -1.0
2000 199 -1.0
3000 199 -1.0
4000 199 -1.0
5000 199 -1.0
6000 199 -1.0
7000 199 -1.0
8000 199 -1.0
9000 199 -1.0
10000 199 -1.0
11000 199 -1.0
12000 199 -1.0
13000 199 -1.0
14000 199 -1.0
15000 199 -1.0
16000 199 -1.0
17000 199 -1.0
18000 199 -1.0
19000 199 -1.0
10 3 -200.0
0 199 -1.0
1000 199 -1.0
2000 199 -1.0
3000 199 -1.0
4000 199 -1.0
5000 199 -1.0
6000 199 -1.0
7000 199 -1.0
8000 199 -1.0
9000 199 -1.0
10000 199 -1.0
11000 199 -1.0
12000 199 -1.0
13000 199 -1.0
14000 199 -1.0
15000 199 -1.0
16000 199 -1.0
17000 199 -1.0
18000 199 -1.0
19000 199 -1.0
10 4 -200.0
0 199 -1.0
1000 199 -1.0
2000 199 -1.0
3000 199 -1.0
4000 199 -1.0
5000 199 -1.0
6000 199 -1.0
7000 199 -1.0
8000 199 -1.0
9000 199 -1.0
10000 199 -1.0
11000 199 -1.0
12000 199 -1.0
13000 199 -1.0
14000 199 -1.0
15000 199 -1.0
16000 199 -1.0
17000 199 -1.0
18000 199 -1.0
19000 199 -1.0
10 5 -199.45
0 199 -1.0
1000 199 -1.0
2000 199 -1.0
3000 199 -1.0
4000 199 -1.0
5000 199 -1.0
6000 199 -1.0
7000 199 -1.0
8000 199 -1.0
9000 199 -1.0
10000 199 -1.0
11000 199 -1.0
12000 199 -1.0
13000 199 -1.0
14000 199 -1.0
15000 199 -1.0
16000 199 -1.0
17000 199 -1.0
18000 199 -1.0
19000 199 -1.0
10 6 -200.0
0 199 -1.0
1000 199 -1.0
2000 199 -1.0
3000 199 -1.0
4000 199 -1.0
5000 199 -1.0
6000 199 -1.0
7000 199 -1.0
8000 199 -1.0
9000 199 -1.0
10000 199 -1.0
11000 199 -1.0
12000 199 -1.0
13000 199 -1.0
14000 199 -1.0
15000 199 -1.0
16000 199 -1.0
17000 199 -1.0
18000 199 -1.0
19000 199 -1.0
10 7 -200.0
0 199 -1.0
1000 199 -1.0
2000 199 -1.0
3000 199 -1.0
4000 199 -1.0
5000 199 -1.0
6000 199 -1.0
7000 199 -1.0
8000 199 -1.0
9000 199 -1.0
10000 199 -1.0
11000 199 -1.0
12000 199 -1.0
13000 199 -1.0
14000 199 -1.0
15000 199 -1.0
16000 199 -1.0
17000 199 -1.0
18000 199 -1.0
19000 199 -1.0
10 8 -200.0
0 199 -1.0
1000 199 -1.0
2000 199 -1.0
3000 199 -1.0
4000 199 -1.0
5000 199 -1.0
6000 199 -1.0
7000 199 -1.0
8000 199 -1.0
9000 199 -1.0
10000 199 -1.0
11000 199 -1.0
12000 199 -1.0
13000 199 -1.0
14000 199 -1.0
15000 199 -1.0
16000 199 -1.0
17000 199 -1.0
18000 199 -1.0
19000 199 -1.0
10 9 -194.65
10 -199.10500000000002
0 199 -1.0
1000 199 -1.0
2000 199 -1.0
3000 199 -1.0
4000 199 -1.0
5000 199 -1.0
6000 199 -1.0
7000 199 -1.0
8000 199 -1.0
9000 199 -1.0
10000 199 -1.0
11000 199 -1.0
12000 199 -1.0
13000 199 -1.0
14000 199 -1.0
15000 199 -1.0
16000 199 -1.0
17000 199 -1.0
18000 199 -1.0
19000 199 -1.0
15 0 -198.7
0 199 -1.0
1000 199 -1.0
2000 199 -1.0
3000 199 -1.0
4000 199 -1.0
5000 199 -1.0
6000 199 -1.0
7000 199 -1.0
8000 199 -1.0
9000 199 -1.0
10000 199 -1.0
11000 199 -1.0
12000 199 -1.0
13000 199 -1.0
14000 199 -1.0
15000 199 -1.0
16000 199 -1.0
17000 199 -1.0
18000 199 -1.0
19000 199 -1.0
15 1 -185.0
0 199 -1.0
1000 199 -1.0
2000 199 -1.0
3000 199 -1.0
4000 199 -1.0
5000 199 -1.0
6000 199 -1.0
7000 199 -1.0
8000 199 -1.0
9000 199 -1.0
10000 199 -1.0
11000 199 -1.0
12000 199 -1.0
13000 199 -1.0
14000 199 -1.0
15000 199 -1.0
16000 199 -1.0
17000 199 -1.0
18000 199 -1.0
19000 199 -1.0
15 2 -200.0
0 199 -1.0
1000 199 -1.0
2000 199 -1.0
3000 199 -1.0
4000 199 -1.0
5000 199 -1.0
6000 199 -1.0
7000 199 -1.0
8000 199 -1.0
9000 199 -1.0
10000 199 -1.0
11000 199 -1.0
12000 199 -1.0
13000 199 -1.0
14000 199 -1.0
15000 199 -1.0
16000 199 -1.0
17000 199 -1.0
18000 199 -1.0
19000 199 -1.0
15 3 -200.0
0 199 -1.0
1000 199 -1.0
2000 199 -1.0
3000 199 -1.0
4000 199 -1.0
5000 199 -1.0
6000 199 -1.0
7000 199 -1.0
8000 199 -1.0
9000 199 -1.0
10000 199 -1.0
11000 199 -1.0
12000 199 -1.0
13000 199 -1.0
14000 199 -1.0
15000 199 -1.0
16000 199 -1.0
17000 199 -1.0
18000 199 -1.0
19000 199 -1.0
15 4 -196.7
0 199 -1.0
1000 199 -1.0
2000 199 -1.0
3000 199 -1.0
4000 199 -1.0
5000 199 -1.0
6000 199 -1.0
7000 199 -1.0
8000 199 -1.0
9000 199 -1.0
10000 199 -1.0
11000 199 -1.0
12000 199 -1.0
13000 199 -1.0
14000 199 -1.0
15000 199 -1.0
16000 199 -1.0
17000 199 -1.0
18000 199 -1.0
19000 199 -1.0
15 5 -200.0
0 199 -1.0
1000 199 -1.0
2000 199 -1.0
3000 199 -1.0
4000 199 -1.0
5000 199 -1.0
6000 199 -1.0
7000 199 -1.0
8000 199 -1.0
9000 199 -1.0
10000 199 -1.0
11000 199 -1.0
12000 199 -1.0
13000 199 -1.0
14000 199 -1.0
15000 199 -1.0
16000 199 -1.0
17000 199 -1.0
18000 199 -1.0
19000 199 -1.0
15 6 -200.0
0 199 -1.0
1000 199 -1.0
2000 199 -1.0
3000 199 -1.0
4000 199 -1.0
5000 199 -1.0
6000 199 -1.0
7000 199 -1.0
8000 199 -1.0
9000 199 -1.0
10000 199 -1.0
11000 199 -1.0
12000 199 -1.0
13000 199 -1.0
14000 199 -1.0
15000 199 -1.0
16000 199 -1.0
17000 199 -1.0
18000 199 -1.0
19000 199 -1.0
15 7 -200.0
0 199 -1.0
1000 199 -1.0
2000 199 -1.0
3000 199 -1.0
4000 199 -1.0
5000 199 -1.0
6000 199 -1.0
7000 199 -1.0
8000 199 -1.0
9000 199 -1.0
10000 199 -1.0
11000 199 -1.0
12000 199 -1.0
13000 199 -1.0
14000 199 -1.0
15000 199 -1.0
16000 199 -1.0
17000 199 -1.0
18000 199 -1.0
19000 199 -1.0
15 8 -200.0
0 199 -1.0
1000 199 -1.0
2000 199 -1.0
3000 199 -1.0
4000 199 -1.0
5000 199 -1.0
6000 199 -1.0
7000 199 -1.0
8000 199 -1.0
9000 199 -1.0
10000 199 -1.0
11000 199 -1.0
12000 199 -1.0
13000 199 -1.0
14000 199 -1.0
15000 199 -1.0
16000 199 -1.0
17000 199 -1.0
18000 199 -1.0
19000 199 -1.0
15 9 -200.0
15 -198.04000000000002
0 199 -1.0
1000 199 -1.0
2000 199 -1.0
3000 199 -1.0
4000 199 -1.0
5000 199 -1.0
6000 199 -1.0
7000 199 -1.0
8000 199 -1.0
9000 199 -1.0
10000 199 -1.0
11000 199 -1.0
12000 199 -1.0
13000 199 -1.0
14000 199 -1.0
15000 199 -1.0
16000 199 -1.0
17000 199 -1.0
18000 199 -1.0
19000 199 -1.0
25 0 -200.0
0 199 -1.0
1000 199 -1.0
2000 199 -1.0
3000 199 -1.0
4000 199 -1.0
5000 199 -1.0
6000 199 -1.0
7000 199 -1.0
8000 199 -1.0
9000 199 -1.0
10000 199 -1.0
11000 199 -1.0
12000 199 -1.0
13000 199 -1.0
14000 199 -1.0
15000 199 -1.0
16000 199 -1.0
17000 199 -1.0
18000 199 -1.0
19000 199 -1.0
25 1 -200.0
0 199 -1.0
1000 199 -1.0
2000 199 -1.0
3000 199 -1.0
4000 199 -1.0
5000 199 -1.0
6000 199 -1.0
7000 199 -1.0
8000 199 -1.0
9000 199 -1.0
10000 199 -1.0
11000 199 -1.0
12000 199 -1.0
13000 199 -1.0
14000 199 -1.0
15000 199 -1.0
16000 199 -1.0
17000 199 -1.0
18000 199 -1.0
19000 199 -1.0
25 2 -194.0
0 199 -1.0
1000 199 -1.0
2000 199 -1.0
3000 199 -1.0
4000 199 -1.0
5000 199 -1.0
6000 199 -1.0
7000 199 -1.0
8000 199 -1.0
9000 199 -1.0
10000 199 -1.0
11000 199 -1.0
12000 199 -1.0
13000 199 -1.0
14000 199 -1.0
15000 199 -1.0
16000 199 -1.0
17000 199 -1.0
18000 199 -1.0
19000 199 -1.0
25 3 -200.0
0 199 -1.0
1000 199 -1.0
2000 199 -1.0
3000 199 -1.0
4000 199 -1.0
5000 199 -1.0
6000 199 -1.0
7000 199 -1.0
8000 199 -1.0
9000 199 -1.0
10000 199 -1.0
11000 199 -1.0
12000 199 -1.0
13000 199 -1.0
14000 199 -1.0
15000 199 -1.0
16000 199 -1.0
17000 199 -1.0
18000 199 -1.0
19000 199 -1.0
25 4 -200.0
0 199 -1.0
1000 199 -1.0
2000 199 -1.0
3000 199 -1.0
4000 199 -1.0
5000 199 -1.0
6000 199 -1.0
7000 199 -1.0
8000 199 -1.0
9000 199 -1.0
10000 199 -1.0
11000 199 -1.0
12000 199 -1.0
13000 199 -1.0
14000 199 -1.0
15000 199 -1.0
16000 199 -1.0
17000 199 -1.0
18000 199 -1.0
19000 199 -1.0
25 5 -200.0
0 199 -1.0
1000 199 -1.0
2000 199 -1.0
3000 199 -1.0
4000 199 -1.0
5000 199 -1.0
6000 199 -1.0
7000 199 -1.0
8000 199 -1.0
9000 199 -1.0
10000 199 -1.0
11000 199 -1.0
12000 199 -1.0
13000 199 -1.0
14000 199 -1.0
15000 199 -1.0
16000 199 -1.0
17000 199 -1.0
18000 199 -1.0
19000 199 -1.0
25 6 -200.0
0 199 -1.0
1000 199 -1.0
2000 199 -1.0
3000 199 -1.0
4000 199 -1.0
5000 199 -1.0
6000 199 -1.0
7000 199 -1.0
8000 199 -1.0
9000 199 -1.0
10000 199 -1.0
11000 199 -1.0
12000 199 -1.0
13000 199 -1.0
14000 199 -1.0
15000 199 -1.0
16000 199 -1.0
17000 199 -1.0
18000 199 -1.0
19000 199 -1.0
25 7 -198.6
0 199 -1.0
1000 199 -1.0
2000 199 -1.0
3000 199 -1.0
4000 199 -1.0
5000 199 -1.0
6000 199 -1.0
7000 199 -1.0
8000 199 -1.0
9000 199 -1.0
10000 199 -1.0
11000 199 -1.0
12000 199 -1.0
13000 199 -1.0
14000 199 -1.0
15000 199 -1.0
16000 199 -1.0
17000 199 -1.0
18000 199 -1.0
19000 199 -1.0
25 8 -197.5
0 199 -1.0
1000 199 -1.0
2000 199 -1.0
3000 199 -1.0
4000 199 -1.0
5000 199 -1.0
6000 199 -1.0
7000 199 -1.0
8000 199 -1.0
9000 199 -1.0
10000 199 -1.0
11000 199 -1.0
12000 199 -1.0
13000 199 -1.0
14000 199 -1.0
15000 199 -1.0
16000 199 -1.0
17000 199 -1.0
18000 199 -1.0
19000 199 -1.0
25 9 -196.8
25 -198.69
0 199 -1.0
1000 199 -1.0
2000 199 -1.0
3000 199 -1.0
4000 199 -1.0
5000 199 -1.0
6000 199 -1.0
7000 199 -1.0
8000 199 -1.0
9000 199 -1.0
10000 199 -1.0
11000 199 -1.0
12000 199 -1.0
13000 199 -1.0
14000 199 -1.0
15000 199 -1.0
16000 199 -1.0
17000 199 -1.0
18000 199 -1.0
19000 199 -1.0
30 0 -198.15
0 199 -1.0
1000 199 -1.0
2000 199 -1.0
3000 199 -1.0
4000 199 -1.0
5000 199 -1.0
6000 199 -1.0
7000 199 -1.0
8000 199 -1.0
9000 199 -1.0
10000 199 -1.0
11000 199 -1.0
12000 199 -1.0
13000 199 -1.0
14000 199 -1.0
15000 199 -1.0
16000 199 -1.0
17000 199 -1.0
18000 199 -1.0
19000 199 -1.0
30 1 -195.5
0 199 -1.0
1000 199 -1.0
2000 199 -1.0
3000 199 -1.0
4000 199 -1.0
5000 199 -1.0
6000 199 -1.0
7000 199 -1.0
8000 199 -1.0
9000 199 -1.0
10000 199 -1.0
11000 199 -1.0
12000 199 -1.0
13000 199 -1.0
14000 199 -1.0
15000 199 -1.0
16000 199 -1.0
17000 199 -1.0
18000 199 -1.0
19000 199 -1.0
30 2 -195.45
0 199 -1.0
1000 199 -1.0
2000 199 -1.0
3000 199 -1.0
4000 199 -1.0
5000 199 -1.0
6000 199 -1.0
7000 199 -1.0
8000 199 -1.0
9000 199 -1.0
10000 199 -1.0
11000 199 -1.0
12000 199 -1.0
13000 199 -1.0
14000 199 -1.0
15000 199 -1.0
16000 199 -1.0
17000 199 -1.0
18000 199 -1.0
19000 199 -1.0
30 3 -196.15
0 199 -1.0
1000 199 -1.0
2000 199 -1.0
3000 199 -1.0
4000 199 -1.0
5000 199 -1.0
6000 199 -1.0
7000 199 -1.0
8000 199 -1.0
9000 199 -1.0
10000 199 -1.0
11000 199 -1.0
12000 199 -1.0
13000 199 -1.0
14000 199 -1.0
15000 199 -1.0
16000 199 -1.0
17000 199 -1.0
18000 199 -1.0
19000 199 -1.0
30 4 -200.0
0 199 -1.0
1000 199 -1.0
2000 199 -1.0
3000 199 -1.0
4000 199 -1.0
5000 199 -1.0
6000 199 -1.0
7000 199 -1.0
8000 199 -1.0
9000 199 -1.0
10000 199 -1.0
11000 199 -1.0
12000 199 -1.0
13000 199 -1.0
14000 199 -1.0
15000 199 -1.0
16000 199 -1.0
17000 199 -1.0
18000 199 -1.0
19000 199 -1.0
30 5 -200.0
0 199 -1.0
1000 199 -1.0
2000 199 -1.0
3000 199 -1.0
4000 199 -1.0
5000 199 -1.0
6000 199 -1.0
7000 199 -1.0
8000 199 -1.0
9000 199 -1.0
10000 199 -1.0
11000 199 -1.0
12000 199 -1.0
13000 199 -1.0
14000 199 -1.0
15000 199 -1.0
16000 199 -1.0
17000 199 -1.0
18000 199 -1.0
19000 199 -1.0
30 6 -200.0
0 199 -1.0
1000 199 -1.0
2000 199 -1.0
3000 199 -1.0
4000 199 -1.0
5000 199 -1.0
6000 199 -1.0
7000 199 -1.0
8000 199 -1.0
9000 199 -1.0
10000 199 -1.0
11000 199 -1.0
12000 199 -1.0
13000 199 -1.0
14000 199 -1.0
15000 199 -1.0
16000 199 -1.0
17000 199 -1.0
18000 199 -1.0
19000 199 -1.0
30 7 -200.0
0 199 -1.0
1000 199 -1.0
2000 199 -1.0
3000 199 -1.0
4000 199 -1.0
5000 199 -1.0
6000 199 -1.0
7000 199 -1.0
8000 199 -1.0
9000 199 -1.0
10000 199 -1.0
11000 199 -1.0
12000 199 -1.0
13000 199 -1.0
14000 199 -1.0
15000 199 -1.0
16000 199 -1.0
17000 199 -1.0
18000 199 -1.0
19000 199 -1.0
30 8 -193.6
0 199 -1.0
1000 199 -1.0
2000 199 -1.0
3000 199 -1.0
4000 199 -1.0
5000 199 -1.0
6000 199 -1.0
7000 199 -1.0
8000 199 -1.0
9000 199 -1.0
10000 199 -1.0
11000 199 -1.0
12000 199 -1.0
13000 199 -1.0
14000 199 -1.0
15000 199 -1.0
16000 199 -1.0
17000 199 -1.0
18000 199 -1.0
19000 199 -1.0
30 9 -200.0
30 -197.885
